-,-,-
-8.544922, -96.923828, 984.375000
20.019531, -80.810547, 994.140625
4.394531, -32.958984, 950.195312
-17.333984, -83.251953, 1007.812500
66.894531, 17.578125, 841.796875
-4.150391, -36.865234, 983.398438
39.550781, 8.789062, 1064.941406
-39.794922, -63.232422, 920.898438
40.039062, 26.367188, 1076.171875
-3.662109, -11.474609, 965.820312
23.437500, 33.691406, 992.187500
19.042969, 16.113281, 927.734375
-21.728516, 25.390625, 1005.859375
58.105469, 0.488281, 1094.726562
49.316406, 40.039062, 953.125000
34.667969, 46.875000, 1010.742188
80.078125, 37.109375, 1090.820312
44.433594, -2.685547, 968.750000
72.753906, 11.718750, 1021.972656
61.523438, 18.066406, 901.367188
77.148438, 8.789062, 1034.179688
52.246094, -27.099609, 994.140625
47.851562, 41.992188, 910.156250
63.964844, -54.443359, 1047.851562
55.175781, 3.906250, 1009.765625
32.226562, 90.332031, 994.140625
60.546875, 10.742188, 1052.734375
25.878906, 11.718750, 1000.000000
-22.216797, 19.531250, 1058.593750
0.976562, 29.296875, 1044.921875
-,-,-
-31.982422, -48.095703, 969.726562
2.441406, -69.580078, 1014.648438
-53.955078, -42.724609, 1028.320312
-16.845703, 15.136719, 1030.273438
-7.080078, 10.742188, 886.718750
15.625000, -38.818359, 952.148438
-27.587891, -40.771484, 924.804688
44.433594, -42.724609, 1046.875000
6.835938, -2.685547, 1018.554688
-3.662109, -8.544922, 977.050781
24.902344, 16.113281, 957.031250
37.109375, -40.771484, 1016.601562
-23.193359, 8.789062, 971.679688
0.488281, 6.347656, 987.304688
69.335938, -17.822266, 1113.281250
4.394531, 64.453125, 978.027344
26.367188, 4.394531, 1062.011719
53.710938, -27.099609, 916.992188
37.109375, -16.845703, 939.453125
34.667969, -51.025391, 958.984375
62.988281, -32.470703, 950.195312
40.527344, -11.474609, 1078.125000
24.902344, 30.273438, 1020.019531
41.503906, 30.761719, 961.914062
17.089844, -4.638672, 1026.367188
-3.662109, 18.554688, 990.234375
7.324219, -36.376953, 1054.687500
19.531250, 58.593750, 1015.625000
3.906250, 0.488281, 1034.179688
34.667969, 31.250000, 1015.625000
-6.103516, 52.734375, 974.609375
-4.150391, 49.804688, 979.003906
-0.732422, -5.615234, 1023.925781
-31.005859, 55.664062, 969.726562
-7.080078, 15.625000, 979.980469
-25.634766, 55.664062, 991.210938
-23.193359, 74.218750, 959.960938
-,-,-
-15.380859, -61.279297, 990.234375
-45.166016, -104.248047, 912.109375
2.929688, -72.021484, 964.843750
-12.451172, -91.552734, 948.242188
8.300781, -5.615234, 946.289062
-26.611328, -43.701172, 965.820312
23.437500, -18.798828, 1000.976562
-19.775391, -15.380859, 975.585938
1.953125, -15.380859, 977.050781
29.785156, 27.343750, 959.960938
-19.287109, 24.414062, 1041.992188
69.335938, 30.273438, 1060.546875
-10.986328, 68.847656, 1029.296875
98.144531, 96.679688, 1106.933594
51.757812, 50.781250, 937.988281
50.781250, 81.054688, 1041.992188
74.218750, 93.750000, 1062.988281
23.437500, 94.726562, 975.097656
45.898438, 103.515625, 1043.945312
80.078125, 89.843750, 1032.226562
22.460938, 95.703125, 943.359375
46.875000, 113.281250, 977.539062
3.906250, 96.679688, 1023.437500
41.992188, 94.726562, 1030.273438
41.503906, 150.878906, 988.281250
0.488281, 97.656250, 1030.273438
44.433594, 66.894531, 1037.109375
-1.708984, 101.562500, 1016.601562
36.132812, 82.519531, 1022.949219
-25.634766, 106.445312, 1024.414062
-16.845703, 122.070312, 1018.554688
-33.935547, 84.472656, 1027.343750
-52.490234, 140.625000, 1029.296875
-48.583984, 105.468750, 1023.925781
-,-,-
-33.447266, 15.136719, 960.937500
-62.255859, -63.232422, 988.281250
-12.939453, -28.076172, 967.773438
-18.310547, -84.228516, 989.257812
-8.544922, 13.183594, 920.898438
-23.681641, -52.001953, 1036.132812
42.968750, 19.531250, 1000.976562
11.718750, -19.287109, 1005.859375
10.253906, 17.089844, 1113.281250
45.410156, -21.240234, 1038.085938
22.460938, 36.621094, 938.964844
76.171875, 23.437500, 1041.015625
0.976562, 37.109375, 1046.875000
10.253906, 42.968750, 958.007812
59.082031, -12.451172, 1007.812500
45.898438, 73.242188, 935.546875
73.730469, 37.109375, 986.328125
28.320312, 53.710938, 980.957031
-4.638672, 86.914062, 963.867188
29.296875, 17.578125, 1013.671875
1.953125, 37.597656, 1014.648438
-0.732422, 37.109375, 1016.601562
3.906250, 21.484375, 1028.320312
-29.052734, 75.195312, 1069.824219
2.929688, 81.542969, 1104.980469
-13.427734, 99.609375, 1079.101562
-10.986328, 118.652344, 1023.925781
0.488281, 86.425781, 1056.640625
-12.939453, 161.132812, 945.312500
-7.080078, 77.148438, 1045.898438
2.929688, 116.210938, 1016.601562
-,-,-
-15.869141, -187.255859, 873.046875
-34.423828, -210.693359, 938.964844
-14.404297, -170.166016, 953.125000
-54.443359, -116.455078, 892.089844
-86.669922, -49.072266, 962.890625
-46.142578, -92.529297, 934.570312
-67.138672, -53.955078, 909.179688
-53.955078, -66.162109, 941.894531
-2.685547, -37.841797, 1058.593750
-71.533203, -97.412109, 871.093750
-5.126953, 17.089844, 1037.109375
-58.349609, -84.228516, 990.234375
-23.193359, 19.042969, 1019.042969
-50.537109, -11.474609, 944.335938
-22.216797, 18.066406, 1062.500000
-18.310547, -11.474609, 1009.765625
-21.728516, 33.691406, 1003.906250
23.437500, -13.427734, 1041.992188
-26.123047, 41.015625, 969.726562
27.343750, 41.015625, 1055.664062
8.300781, 19.042969, 931.640625
-1.708984, 105.468750, 978.027344
-2.685547, 21.484375, 1085.937500
-24.658203, 77.148438, 999.023438
3.906250, 58.105469, 1118.164062
-25.634766, 69.335938, 995.117188
-35.400391, 129.882812, 982.910156
-12.451172, 132.812500, 1033.203125
-,-,-
35.644531, -36.865234, 972.656250
19.042969, -66.650391, 949.218750
-42.724609, -83.251953, 1022.949219
8.789062, -36.376953, 986.328125
-47.119141, -13.427734, 1026.367188
-9.521484, 28.320312, 1044.921875
-75.927734, -30.029297, 892.089844
-16.357422, 50.781250, 1026.855469
-10.009766, -25.146484, 1033.203125
-35.400391, 30.761719, 1016.601562
33.691406, 24.414062, 1010.742188
-24.169922, 34.667969, 1066.894531
21.484375, 3.417969, 1165.039062
23.437500, 35.644531, 992.187500
92.773438, 39.062500, 1039.062500
46.386719, 14.648438, 975.585938
63.964844, 50.292969, 1023.925781
85.937500, 66.894531, 1044.921875
40.527344, 43.945312, 940.917969
55.664062, 76.171875, 1079.101562
57.128906, 76.171875, 934.570312
51.757812, 76.171875, 1028.320312
38.574219, 77.148438, 1058.593750
32.226562, 79.101562, 970.703125
47.363281, 42.968750, 1050.781250
5.371094, 110.351562, 969.726562
31.250000, 80.078125, 991.210938
5.371094, 109.375000, 993.164062
16.113281, 112.304688, 1050.781250
6.835938, 126.953125, 1036.132812
6.347656, 119.628906, 1046.875000
2.929688, 121.093750, 1052.734375
5.371094, 160.156250, 1083.007812
-6.103516, 117.187500, 1060.546875
-,-,-
-13.427734, -86.669922, 1008.789062
-17.333984, -41.259766, 930.664062
0.000000, -62.255859, 1123.046875
-42.724609, -9.521484, 968.750000
3.906250, 5.859375, 1023.437500
-34.912109, 4.882812, 1024.902344
-31.982422, 29.296875, 1055.664062
41.015625, 17.578125, 1053.710938
23.925781, 72.265625, 987.304688
43.457031, -20.751953, 1119.140625
1.464844, -18.798828, 1036.132812
35.644531, 26.367188, 1082.031250
23.925781, 16.113281, 1016.601562
8.300781, 36.132812, 991.210938
17.578125, 6.835938, 1046.875000
15.136719, 74.218750, 1048.828125
-20.263672, 30.273438, 1083.984375
7.324219, 92.773438, 1000.976562
4.394531, 47.851562, 1062.988281
-24.658203, 27.343750, 1032.226562
-,-,-
-11.962891, -141.357422, 1022.949219
15.625000, -66.650391, 959.960938
-68.603516, -115.478516, 1043.945312
45.898438, 11.718750, 978.027344
-84.228516, 8.789062, 997.070312
34.667969, 68.847656, 1054.687500
-28.076172, 29.296875, 1124.023438
20.507812, 22.460938, 1030.273438
1.464844, 24.414062, 1020.996094
-10.009766, 49.804688, 1117.187500
67.871094, 61.523438, 1041.015625
18.554688, 64.453125, 988.281250
29.785156, 72.265625, 1113.281250
41.015625, 74.218750, 1053.710938
75.195312, 87.890625, 1038.085938
47.363281, 59.082031, 1001.953125
16.601562, 61.523438, 1026.367188
31.738281, 27.343750, 1061.035156
8.300781, 68.359375, 941.406250
40.527344, 150.390625, 976.562500
28.320312, 102.539062, 1016.601562
-,-,-
-13.427734, -138.427734, 828.125000
-25.146484, -135.986328, 1000.976562
-7.080078, -68.603516, 912.109375
-24.658203, -50.048828, 933.593750
-15.869141, -5.615234, 1075.195312
-37.353516, 77.148438, 900.390625
10.253906, -5.615234, 1020.019531
-52.490234, 35.156250, 963.867188
-4.150391, 40.039062, 1032.226562
2.929688, -3.662109, 1000.000000
-65.185547, -14.892578, 1021.972656
40.527344, 0.000000, 1047.851562
20.996094, 51.757812, 999.023438
-1.220703, 54.199219, 949.218750
42.480469, 52.734375, 1007.812500
16.113281, 67.871094, 1023.925781
-21.240234, 87.890625, 946.289062
1.464844, 86.914062, 989.257812
11.718750, 93.750000, 1053.710938
-10.986328, 99.609375, 1049.804688
77.636719, 101.562500, 921.875000
-,-,-
-0.244141, 75.195312, 1069.335938
-,-,-
17.578125, -113.037109, 1043.945312
-74.462891, -159.912109, 931.640625
69.824219, 6.835938, 975.585938
-41.259766, -77.880859, 926.757812
46.875000, -61.279297, 898.437500
-67.138672, -100.830078, 1020.996094
-18.310547, -61.279297, 916.015625
56.640625, -168.212891, 973.632812
-66.162109, -50.048828, 1019.042969
-12.451172, -96.435547, 1070.312500
-50.537109, -7.568359, 1019.531250
-36.865234, 14.648438, 1019.042969
11.230469, 4.394531, 990.234375
-37.353516, -38.818359, 983.886719
15.136719, -25.146484, 1053.710938
59.082031, -59.326172, 1008.789062
39.550781, -52.001953, 1032.226562
82.031250, 4.882812, 994.140625
96.679688, -30.029297, 983.398438
42.968750, -1.708984, 1032.226562
34.667969, 47.851562, 980.957031
40.527344, 38.085938, 972.656250
24.414062, 74.218750, 992.187500
-,-,-
-48.583984, -121.826172, 908.203125
-6.103516, -249.755859, 920.898438
-75.439453, -134.033203, 889.648438
31.250000, -74.951172, 1088.867188
-81.787109, -151.123047, 892.089844
-10.986328, -57.373047, 1015.625000
-28.076172, -53.955078, 1038.085938
-2.685547, -18.798828, 1055.664062
-26.611328, -65.185547, 957.031250
-4.638672, -12.451172, 1165.039062
28.808594, -25.146484, 965.820312
-71.044922, 1.464844, 1051.757812
6.835938, 8.789062, 1156.250000
-31.494141, -1.708984, 997.070312
-27.099609, 26.367188, 1002.929688
-3.662109, 22.460938, 1079.101562
-0.732422, -18.310547, 992.187500
59.570312, -37.841797, 937.011719
24.414062, -19.775391, 1038.085938
69.824219, 33.691406, 990.234375
19.042969, -13.427734, 917.968750
-8.544922, 15.136719, 912.109375
-35.400391, 57.617188, 926.757812
-73.486328, 36.132812, 924.804688
-59.814453, 40.039062, 979.003906
-60.302734, 130.859375, 1012.695312
-75.439453, 79.101562, 998.046875
-54.931641, 114.257812, 1130.859375
-,-,-
-49.560547, -93.505859, 1018.066406
63.964844, -67.626953, 1029.296875
-61.767578, -61.279297, 1029.296875
67.382812, -28.076172, 1041.992188
6.835938, -32.470703, 1027.343750
-22.216797, 48.828125, 1025.390625
-6.103516, -9.521484, 1044.921875
-30.029297, 32.226562, 1006.835938
34.667969, 37.109375, 1083.984375
-35.400391, -29.052734, 1026.367188
32.226562, -13.916016, 883.789062
0.488281, -31.005859, 1100.585938
22.460938, 3.906250, 1017.578125
7.812500, -34.423828, 979.003906
5.371094, -30.029297, 1120.117188
38.574219, -33.447266, 1010.742188
-31.005859, -28.076172, 1033.203125
8.789062, -28.076172, 980.957031
-6.103516, 6.835938, 1078.125000
-74.462891, -27.099609, 1032.226562
-58.837891, 31.250000, 1007.812500
-75.927734, 32.714844, 1114.257812
-58.349609, 38.085938, 1033.203125
-60.302734, 151.855469, 1022.949219
-67.138672, 66.406250, 991.210938
-63.720703, 67.871094, 1103.515625
26.855469, 181.152344, 948.242188
-,-,-
-13.427734, -13.427734, 1002.929688
-65.673828, -138.427734, 971.679688
-80.810547, -79.833984, 967.773438
-22.705078, -138.916016, 958.007812
-63.720703, -31.982422, 944.335938
-11.474609, -105.224609, 934.570312
-45.166016, -47.607422, 935.058594
-53.466797, -72.998047, 937.011719
-33.935547, -73.974609, 931.640625
-26.611328, -106.201172, 897.949219
-71.533203, -35.400391, 912.109375
0.000000, -69.580078, 989.257812
-64.208984, -31.005859, 925.781250
65.429688, 10.742188, 1044.921875
-30.517578, -8.544922, 971.679688
6.835938, -21.240234, 1030.273438
136.718750, 10.742188, 1006.347656
-20.751953, -12.451172, 959.960938
37.597656, -8.544922, 1028.320312
-46.142578, -51.025391, 927.734375
-27.587891, -29.052734, 990.234375
53.710938, -28.076172, 1041.015625
-31.494141, -24.169922, 1000.000000
26.367188, -78.857422, 914.062500
-3.662109, -69.580078, 1036.132812
31.250000, -111.083984, 969.726562
14.648438, -113.525391, 965.820312
-39.306641, -47.119141, 1078.125000
-63.232422, -89.599609, 1014.648438
-10.498047, -33.935547, 1004.882812
-92.529297, -103.271484, 1036.132812
-52.490234, -17.822266, 992.187500
-93.017578, -31.494141, 1023.925781
-,-,-
-9.033203, -1.708984, 960.937500
131.835938, -105.224609, 913.085938
-10.986328, -72.021484, 926.757812
5.371094, -91.552734, 951.171875
60.546875, -57.373047, 945.312500
-21.728516, -99.853516, 906.250000
-12.451172, -15.869141, 953.125000
37.109375, -143.310547, 914.062500
-5.615234, -4.638672, 1068.847656
87.890625, -42.724609, 1152.343750
36.132812, -33.447266, 970.703125
-0.244141, -24.169922, 1119.140625
-76.904297, -85.205078, 930.664062
-35.888672, -31.982422, 966.796875
-68.115234, -110.107422, 1083.007812
-21.728516, -40.771484, 977.050781
-44.677734, -54.443359, 1079.101562
-42.236328, -34.423828, 1045.898438
43.945312, -66.650391, 1031.250000
21.972656, -65.673828, 1029.296875
20.019531, -83.251953, 933.593750
23.437500, -101.806641, 992.187500
51.757812, -53.466797, 999.023438
64.941406, -40.771484, 1002.929688
37.109375, -48.583984, 1027.343750
53.222656, -54.443359, 922.851562
51.757812, 2.441406, 1026.367188
41.015625, 10.742188, 965.820312
52.246094, 6.835938, 1015.625000
45.410156, 29.296875, 1073.242188
36.621094, -13.427734, 1040.039062
28.320312, 19.531250, 1057.617188
2.441406, 8.789062, 1021.972656
-10.009766, 50.292969, 1000.976562
-,-,-
-82.275391, -40.771484, 905.273438
-34.912109, -106.201172, 947.265625
-41.259766, -39.794922, 961.914062
-113.525391, -85.205078, 1010.742188
-44.189453, -21.240234, 978.027344
-115.478516, -30.029297, 996.093750
23.925781, -17.822266, 959.960938
-150.146484, 16.113281, 988.281250
4.882812, -0.244141, 1003.906250
-86.669922, -23.193359, 979.980469
-48.583984, 20.507812, 1038.085938
-24.658203, 46.875000, 1013.671875
-10.498047, 2.929688, 1024.414062
31.738281, 37.109375, 1063.964844
-12.939453, 47.851562, 1018.554688
77.636719, 59.570312, 1022.949219
8.300781, 67.382812, 1020.996094
28.808594, 42.968750, 1020.996094
55.664062, 23.437500, 958.984375
33.203125, 54.687500, 1048.828125
4.394531, -35.888672, 952.148438
38.085938, 7.812500, 1023.925781
24.414062, 3.417969, 1055.664062
-40.771484, 5.859375, 1056.640625
-7.568359, 39.550781, 1019.531250
-29.052734, 57.617188, 1010.742188
-81.787109, 23.437500, 1077.148438
-,-,-
81.542969, -118.408203, 901.855469
-61.279297, -46.630859, 1008.789062
91.796875, -130.126953, 954.101562
75.195312, -8.544922, 1058.593750
29.785156, -63.232422, 994.140625
151.855469, -86.669922, 923.828125
-43.701172, -0.244141, 1137.695312
102.050781, -15.869141, 963.867188
33.691406, -3.173828, 963.867188
-50.537109, -23.193359, 1002.929688
148.437500, 29.296875, 966.796875
75.195312, -41.748047, 966.796875
118.164062, -44.677734, 1014.648438
5.371094, 19.531250, 1089.843750
30.273438, -27.099609, 1022.949219
82.519531, 12.695312, 999.023438
24.902344, -36.376953, 1107.910156
40.527344, -3.662109, 1055.664062
-13.427734, -5.615234, 1077.148438
92.773438, -46.630859, 1015.625000
43.945312, -37.841797, 1029.296875
36.132812, -35.888672, 1035.156250
74.218750, -7.568359, 1043.945312
39.062500, -16.845703, 999.023438
82.519531, 16.113281, 1033.203125
24.902344, 76.171875, 971.679688
11.718750, 31.738281, 1025.390625
-32.470703, 37.597656, 1041.992188
-30.517578, 90.820312, 1018.554688
-,-,-
8.300781, -124.755859, 923.828125
-41.259766, -71.044922, 882.812500
90.820312, -124.755859, 915.039062
-42.724609, -94.970703, 946.289062
116.210938, -128.662109, 929.687500
-21.728516, -141.357422, 835.937500
67.382812, -131.103516, 915.039062
-7.080078, -157.958984, 978.027344
-56.884766, -95.458984, 981.933594
49.804688, -45.654297, 1017.578125
-133.056641, -84.228516, 900.390625
60.058594, -10.498047, 1129.882812
56.640625, 28.320312, 1083.007812
38.085938, 64.453125, 1043.945312
67.871094, 72.265625, 1147.949219
40.527344, 74.218750, 1012.695312
141.601562, 98.144531, 1081.054688
18.554688, 119.628906, 1035.156250
49.316406, 87.890625, 1014.648438
58.593750, 81.054688, 1029.296875
38.574219, 76.171875, 983.398438
68.359375, 96.679688, 1034.179688
70.312500, 91.796875, 986.328125
43.457031, 28.320312, 1011.718750
23.925781, -22.216797, 1072.265625
39.550781, 14.648438, 1001.953125
19.531250, 16.601562, 1080.078125
-,-,-
20.019531, -210.693359, 920.898438
26.367188, -51.025391, 926.757812
-34.423828, -217.041016, 905.273438
1.953125, -38.818359, 998.046875
-13.427734, -150.146484, 892.089844
47.851562, -45.654297, 985.351562
79.589844, -61.279297, 959.960938
-2.685547, -37.841797, 890.136719
155.761719, -76.904297, 1014.648438
57.128906, -99.853516, 886.718750
76.660156, 11.718750, 1015.625000
82.519531, -142.333984, 881.835938
56.640625, -86.669922, 916.992188
173.828125, -120.849609, 910.156250
30.761719, -52.490234, 960.937500
194.335938, -53.466797, 910.156250
75.195312, -20.751953, 936.035156
43.945312, -47.607422, 965.820312
67.871094, -65.185547, 933.593750
39.550781, -52.978516, 968.750000
143.066406, -42.724609, 1042.968750
45.898438, -13.427734, 1021.972656
114.746094, 7.812500, 1086.914062
138.183594, 13.671875, 1048.828125
112.792969, 63.476562, 1029.296875
69.335938, 38.574219, 1103.515625
85.937500, 49.316406, 1028.320312
66.406250, 29.296875, 1119.140625
33.203125, 65.917969, 992.187500
43.945312, 75.195312, 1051.757812
3.906250, 66.894531, 1066.894531
59.570312, 100.097656, 947.265625
-20.751953, 78.125000, 1116.210938
-,-,-
73.242188, -6.591797, 1007.812500
23.437500, -148.193359, 905.273438
-23.193359, 1.464844, 976.074219
94.238281, -82.763672, 905.273438
-23.681641, -41.748047, 842.773438
63.964844, -7.568359, 1023.437500
-89.111328, -84.228516, 966.796875
-63.232422, -40.771484, 1020.996094
59.082031, -38.818359, 977.050781
-89.111328, -44.677734, 855.957031
76.171875, -25.146484, 1090.820312
49.316406, 39.062500, 1001.953125
82.519531, -0.244141, 1046.875000
118.652344, 39.062500, 1027.343750
70.800781, 22.460938, 957.031250
134.277344, 54.199219, 1073.242188
84.960938, -4.638672, 980.957031
95.703125, 32.714844, 1016.601562
78.613281, 10.742188, 1004.882812
89.355469, 2.441406, 1013.671875
107.910156, 49.316406, 1056.640625
55.664062, 34.667969, 1041.015625
74.707031, 38.085938, 1124.023438
44.433594, 46.875000, 1065.917969
5.371094, 84.472656, 1075.195312
32.226562, 74.218750, 1081.054688
18.554688, 104.003906, 1066.894531
-10.498047, 80.566406, 1018.066406
47.363281, 99.121094, 951.171875
-,-,-
106.445312, 26.367188, 968.750000
23.437500, -169.189453, 901.367188
124.511719, -18.798828, 987.304688
28.320312, -86.669922, 908.203125
147.460938, -60.302734, 948.242188
81.054688, -5.615234, 994.140625
102.050781, -75.927734, 945.312500
166.015625, 31.738281, 979.003906
68.847656, -125.732422, 989.257812
100.585938, 32.714844, 982.910156
106.445312, 17.089844, 1082.031250
83.496094, 64.941406, 965.820312
145.996094, 57.617188, 969.726562
37.597656, 38.085938, 1019.042969
114.257812, 29.296875, 943.359375
58.593750, 30.273438, 1021.972656
115.722656, 67.382812, 944.335938
143.066406, 20.507812, 1002.929688
95.214844, 18.066406, 1012.695312
150.390625, 29.296875, 916.992188
58.105469, 60.546875, 1124.023438
63.964844, 59.570312, 1013.671875
96.191406, 87.890625, 1063.964844
16.113281, 137.695312, 1125.000000
62.988281, 87.890625, 1086.914062
27.343750, 119.628906, 1076.171875
-2.685547, 95.703125, 1046.875000
23.925781, 121.582031, 1054.687500
-,-,-
75.195312, -9.521484, 949.218750
-29.052734, -126.708984, 852.050781
-34.423828, -63.232422, 921.875000
-39.306641, -110.107422, 840.820312
-55.908203, -40.771484, 868.164062
20.019531, -51.513672, 938.964844
-86.669922, -34.423828, 914.062500
83.496094, 18.066406, 1059.570312
80.078125, 13.671875, 930.664062
57.617188, -0.732422, 1084.960938
112.304688, 30.273438, 984.375000
11.230469, -74.951172, 1049.804688
101.562500, -35.888672, 1043.945312
131.835938, -79.833984, 1032.226562
71.289062, -38.330078, 1002.929688
86.914062, 20.019531, 991.210938
76.171875, 45.898438, 1064.453125
54.199219, 15.625000, 950.683594
73.242188, 13.183594, 1067.382812
50.292969, 7.812500, 958.984375
20.019531, 46.875000, 1019.042969
-14.404297, 7.812500, 1020.996094
4.394531, 34.667969, 1078.125000
-40.283203, 65.917969, 1041.015625
-,-,-
77.148438, -0.732422, 891.113281
9.277344, -12.451172, 914.062500
-1.708984, 14.160156, 943.359375
0.976562, -107.177734, 855.468750
-39.794922, 62.500000, 984.375000
8.789062, -16.357422, 965.820312
-69.091797, -39.794922, 889.648438
68.847656, -0.244141, 974.609375
-62.744141, -13.427734, 937.988281
6.835938, -14.404297, 917.968750
3.906250, -39.794922, 938.964844
-48.583984, -13.427734, 993.164062
24.902344, -14.404297, 953.125000
-47.607422, 36.132812, 987.304688
96.679688, 18.066406, 987.304688
-59.814453, -1.708984, 1041.015625
-56.884766, 60.546875, 1023.925781
-0.244141, 57.617188, 1083.984375
-47.119141, 71.289062, 1024.902344
-68.115234, 63.476562, 979.980469
-20.751953, 92.773438, 1014.648438
18.554688, 84.472656, 1030.273438
-,-,-
55.664062, -152.587891, 930.664062
1.953125, -105.224609, 895.019531
59.082031, -73.974609, 949.218750
-31.982422, -72.998047, 875.000000
82.031250, -67.138672, 957.031250
-28.564453, -122.802734, 922.851562
-50.537109, -112.060547, 880.859375
15.136719, -219.482422, 936.035156
-79.345703, -130.615234, 942.382812
56.640625, -207.763672, 973.632812
-48.583984, -135.009766, 959.960938
74.218750, -52.978516, 1003.906250
-0.732422, -35.888672, 995.117188
2.441406, 13.671875, 1016.601562
51.757812, -66.650391, 1012.695312
44.433594, 5.371094, 1031.250000
56.152344, -77.880859, 1053.710938
-0.244141, -55.419922, 1015.625000
83.496094, -55.419922, 1063.476562
39.550781, -32.470703, 939.941406
59.082031, -1.708984, 961.914062
50.292969, -51.025391, 951.171875
73.730469, -15.380859, 957.031250
30.761719, -37.353516, 1038.085938
20.996094, -14.404297, 1012.695312
71.289062, -32.958984, 1005.859375
14.160156, -11.474609, 1024.902344
2.441406, -2.685547, 1097.656250
47.851562, -2.685547, 1038.085938
2.929688, -13.427734, 1014.648438
20.019531, 31.250000, 935.058594
